-1.202959e-03
-2.395587e-03
-2.043684e-03
-4.744276e-04
2.538748e-03
3.997292e-03
2.464899e-03
-2.276418e-03
-6.522013e-03
-6.293776e-03
6.722787e-05
8.504666e-03
1.189411e-02
5.225164e-03
-8.488573e-03
-1.879050e-02
-1.486462e-02
4.320009e-03
2.607069e-02
3.089427e-02
7.909276e-03
-3.254078e-02
-5.990575e-02
-4.085772e-02
3.701287e-02
1.515256e-01
2.538022e-01
2.947233e-01
2.538022e-01
1.515256e-01
3.701287e-02
-4.085772e-02
-5.990575e-02
-3.254078e-02
7.909276e-03
3.089427e-02
2.607069e-02
4.320009e-03
-1.486462e-02
-1.879050e-02
-8.488573e-03
5.225164e-03
1.189411e-02
8.504666e-03
6.722787e-05
-6.293776e-03
-6.522013e-03
-2.276418e-03
2.464899e-03
3.997292e-03
2.538748e-03
-4.744276e-04
-2.043684e-03
-2.395587e-03
-1.202959e-03
